<?xml version="1.0"?>
<opencv_storage>
<K type_id="opencv-matrix">
  <rows>3</rows>
  <cols>3</cols>
  <dt>d</dt>
  <data>
    1.3602081663717288e+03 0. 7.2580674818628449e+02 0.
    1.3610992188237999e+03 5.4500683870838759e+02 0. 0. 1.</data></K>
<dist type_id="opencv-matrix">
  <rows>1</rows>
  <cols>5</cols>
  <dt>d</dt>
  <data>
    -5.8534061978020080e-01 6.4876856782578818e-01
    -5.3874398925361725e-03 -1.1320257682428978e-02
    -1.0329605412528298e+00</data></dist>
</opencv_storage>
